
Vyrovnané souřadnice
********************

  i          bod     približná    korekce    vyrovnaná   stř.ch. konf.i.
===================== hodnota ===== [m] ===== hodnota ========= [mm] ===

            HG05
 28            x   1142764.58200   0.00679 1142764.58879     1.1     2.1
 29            y    437902.64900  -0.00585  437902.64315     1.4     2.8

        IN-14-01
 26            x   1142780.96000   0.00369 1142780.96369     0.7     1.4
 27            y    437959.39900  -0.00629  437959.39271     1.6     3.2

        IN-14-02
 24            x   1142747.31500   0.00311 1142747.31811     1.3     2.5
 25            y    438005.20200  -0.01063  438005.19137     1.7     3.3

        IN-14-03
 22            x   1142722.69000   0.00243 1142722.69243     1.7     3.3
 23            y    438032.98800  -0.01217  438032.97583     1.8     3.6

        IN-14-04
 14            x   1142703.49400  -0.00500 1142703.48900     1.5     2.9
 15            y    438060.58900   0.00137  438060.59037     1.6     3.2

        IN-14-05
 10            x   1142680.81400  -0.00364 1142680.81036     1.1     2.2
 11            y    438103.42600   0.00004  438103.42604     1.4     2.8

        IN-14-06
  8            x   1142667.82800  -0.00358 1142667.82442     1.2     2.3
  9            y    438133.61800  -0.00028  438133.61772     1.2     2.3

        IN-14-07
  6            x   1142653.90800  -0.00253 1142653.90547     0.7     1.4
  7            y    438167.20000  -0.00050  438167.19950     1.4     2.8

        IN-14-08
 12            x   1142644.00300  -0.00188 1142644.00112     1.0     1.9
 13            y    438205.71600  -0.00346  438205.71254     1.5     3.0

        IN-14-09
  4            x   1142628.30600  -0.00115 1142628.30485     1.4     2.8
  5            y    438241.43200  -0.00375  438241.42825     1.6     3.0

        IN-20-01
 50            x   1142931.38200  -0.00163 1142931.38037     1.4     2.7
 51            y    437902.74200  -0.00050  437902.74150     1.5     3.0

        IN-20-02
 52            x   1142925.89900  -0.00121 1142925.89779     1.6     3.1
 53            y    437954.50600  -0.00205  437954.50395     1.8     3.5

        IN-20-03
 54            x   1142937.56700  -0.00178 1142937.56522     2.5     4.9
 55            y    438025.86000  -0.00537  438025.85463     1.9     3.7

          INK-01
 40            x   1142904.19100  -0.00335 1142904.18765     0.9     1.7
 41            y    437830.94600  -0.00389  437830.94211     1.5     3.0

          INK-02
 30            x   1142829.09100   0.00360 1142829.09460     1.6     3.2
 31            y    437926.00500  -0.00396  437926.00104     0.9     1.7

           INS-3
 38            x   1142883.47400  -0.01088 1142883.46312     1.6     3.1
 39            y    437753.75900   0.00109  437753.76009     0.9     1.8

            JS-2
 48            x   1142910.77900  -0.00119 1142910.77781     0.7     1.5
 49            y    437849.63400   0.00126  437849.63526     1.7     3.4

            W001
  1            x   1142648.92400  -0.00229 1142648.92171     0.5     1.0
  2            y    438152.90000  -0.00110  438152.89890     0.4     0.7

            W002
 16            x   1142648.91300  -0.00205 1142648.91095     0.5     1.0
 17            y    438152.90300  -0.00110  438152.90190     0.4     0.7

            W003
 19            x   1142776.89400   0.00573 1142776.89973     0.6     1.2
 20            y    437920.13200  -0.00607  437920.12593     0.7     1.4

            W004
 32            x   1142776.89400   0.00546 1142776.89946     0.6     1.2
 33            y    437920.13200  -0.00625  437920.12575     0.7     1.4

            W005
 35            x   1142911.62800  -0.01755 1142911.61045     0.9     1.8
 36            y    437772.50800  -0.00530  437772.50270     0.3     0.6

            W006
 42            x   1142911.61900  -0.00216 1142911.61684     0.9     1.7
 43            y    437772.48400  -0.00004  437772.48396     0.3     0.6

            W007
 45            x   1142913.08900  -0.00109 1142913.08791     0.8     1.6
 46            y    437881.90000  -0.00102  437881.89898     1.0     1.9

            W008
 56            x   1142913.10300  -0.00189 1142913.10111     0.8     1.7
 57            y    437881.90000   0.00016  437881.90016     1.0     2.0


