
Vyrovnané výšky
***************

  i          bod      přibližná    korekce    vyrovnaná   stř.ch. konf.i.
====================== hodnota ===== [m] ===== hodnota ========= [mm] ===

  1         W001       486.90900   0.00321     486.91221     0.2     0.3
  2     IN-14-09       485.87100   0.00391     485.87491     0.6     1.3
  3     IN-14-07       487.20500   0.00278     487.20778     0.2     0.4
  4     IN-14-06       488.02700   0.00316     488.03016     0.2     0.5
  5     IN-14-05       487.10000   0.00291     487.10291     0.4     0.8
  6     IN-14-08       486.67800   0.00253     486.68053     0.4     0.8
  7     IN-14-04       483.20000   0.00291     483.20291     0.7     1.5
  8         W002       486.93400   0.00061     486.93461     0.2     0.3
  9         W003       472.58900  -0.00400     472.58500     0.2     0.3
 10     IN-14-03       481.21800  -0.00323     481.21477     0.9     1.7
 11     IN-14-02       481.57400  -0.00386     481.57014     0.6     1.2
 12     IN-14-01       479.36000  -0.00361     479.35639     0.3     0.6
 13         HG05       464.42400  -0.00323     464.42077     0.2     0.4
 14       INK-02       481.80200  -0.00411     481.79789     0.4     0.8
 15         W004       472.56700  -0.00296     472.56404     0.2     0.3
 16         W005       469.08800  -0.00017     469.08783     0.1     0.2
 17        INS-3       456.55100  -0.00015     456.55085     0.3     0.5
 18       INK-01       472.50600  -0.00040     472.50560     0.4     0.8
 19         W006       469.07900  -0.00113     469.07787     0.1     0.2
 20         W007       486.32600   0.00174     486.32774     0.4     0.7
 21         JS-2       474.96500   0.00182     474.96682     0.4     0.8
 22     IN-20-01       488.34100   0.00107     488.34207     0.4     0.8
 23     IN-20-02       499.39800   0.00182     499.39982     0.6     1.2
 24     IN-20-03       522.57800   0.00194     522.57994     1.1     2.1
 25         W008       486.31200   0.00289     486.31489     0.4     0.7

